RDA2
A
2
134913
131840
1026
1
262153
8
encuesta
787
4
526
40
3
2
2
1
2
3
3
2
3
2
3
4
2
3
1
2
1
2
3
3
2
4
2
2
3
3
2
1
2
2
1
3
3
2
1
3
3
3
4
2
1026
1
262153
8
.rk.meta
528
1
262153
14
Facilidad\040SPSS
1026
1
262153
5
names
16
1
262153
5
label
254
254
526
40
51
64
61
70
58
54
48
57
50
60
47
42
49
51
66
59
70
53
47
44
54
40
56
53
48
46
47
65
55
50
59
49
52
62
56
43
45
40
46
55
1026
767
528
1
262153
23
Tiempo\040aprendizaje\040SPSS
1026
1023
16
1
262153
5
label
254
254
526
40
3
3
3
2
2
3
4
3
2
3
3
4
2
3
2
2
1
2
2
5
4
4
2
2
3
3
3
2
2
2
1
3
4
3
2
3
2
3
3
4
1026
767
528
1
262153
26
Facilidad\040rkTeachingExtras
1026
1023
16
1
262153
5
label
254
254
526
40
40
52
57
58
50
43
32
42
42
41
32
31
41
40
49
46
54
47
45
28
43
30
41
47
40
39
39
48
44
40
45
44
42
50
47
40
41
38
44
38
1026
767
528
1
262153
23
Tiempo\040rkTeachingExtras
1026
1023
16
1
262153
5
label
254
254
1026
1023
16
4
262153
13
facilidadSPSS
262153
10
tiempoSPSS
262153
10
facilidadR
262153
7
tiempoR
1026
1
262153
9
row.names
13
2
NA
-40
1026
1
262153
5
class
16
1
262153
10
data.frame
254
254
